image: map511_1003-1.pgm
resolution: 0.050000
origin: [-25.600000, -25.950000, 0.000000]
negate: 0
occupied_thresh: 0.65
free_thresh: 0.196

